0 0.0509803921568627 0.0313725490196078 0.529411764705882
0.0101010101010101 0.0823529411764706 0.0274509803921569 0.537254901960784
0.0202020202020202 0.105882352941176 0.0235294117647059 0.552941176470588
0.0303030303030303 0.133333333333333 0.0235294117647059 0.564705882352941
0.0404040404040404 0.152941176470588 0.0196078431372549 0.568627450980392
0.0505050505050505 0.172549019607843 0.0196078431372549 0.580392156862745
0.0606060606060606 0.188235294117647 0.0196078431372549 0.592156862745098
0.0707070707070707 0.207843137254902 0.0156862745098039 0.596078431372549
0.0808080808080808 0.223529411764706 0.0156862745098039 0.603921568627451
0.0909090909090909 0.243137254901961 0.0156862745098039 0.611764705882353
0.101010101010101 0.262745098039216 0.0117647058823529 0.619607843137255
0.111111111111111 0.27843137254902 0.0117647058823529 0.623529411764706
0.121212121212121 0.294117647058824 0.0117647058823529 0.631372549019608
0.131313131313131 0.309803921568627 0.00784313725490196 0.635294117647059
0.141414141414141 0.325490196078431 0.00784313725490196 0.63921568627451
0.151515151515152 0.341176470588235 0.00392156862745098 0.643137254901961
0.161616161616162 0.356862745098039 0.00392156862745098 0.647058823529412
0.171717171717172 0.376470588235294 0.00392156862745098 0.650980392156863
0.181818181818182 0.388235294117647 0 0.654901960784314
0.191919191919192 0.403921568627451 0 0.658823529411765
0.202020202020202 0.419607843137255 0 0.658823529411765
0.212121212121212 0.435294117647059 0 0.658823529411765
0.222222222222222 0.450980392156863 0.00392156862745098 0.658823529411765
0.232323232323232 0.466666666666667 0.00392156862745098 0.658823529411765
0.242424242424242 0.482352941176471 0.00784313725490196 0.658823529411765
0.252525252525253 0.498039215686275 0.0117647058823529 0.658823529411765
0.262626262626263 0.513725490196078 0.0196078431372549 0.654901960784314
0.272727272727273 0.529411764705882 0.0274509803921569 0.650980392156863
0.282828282828283 0.541176470588235 0.0352941176470588 0.647058823529412
0.292929292929293 0.556862745098039 0.0470588235294118 0.643137254901961
0.303030303030303 0.568627450980392 0.0549019607843137 0.63921568627451
0.313131313131313 0.584313725490196 0.0666666666666667 0.631372549019608
0.323232323232323 0.6 0.0784313725490196 0.623529411764706
0.333333333333333 0.611764705882353 0.0901960784313725 0.619607843137255
0.343434343434343 0.623529411764706 0.101960784313725 0.615686274509804
0.353535353535354 0.635294117647059 0.113725490196078 0.603921568627451
0.363636363636364 0.650980392156863 0.125490196078431 0.596078431372549
0.373737373737374 0.662745098039216 0.133333333333333 0.588235294117647
0.383838383838384 0.674509803921569 0.149019607843137 0.580392156862745
0.393939393939394 0.686274509803922 0.156862745098039 0.572549019607843
0.404040404040404 0.698039215686274 0.168627450980392 0.56078431372549
0.414141414141414 0.709803921568627 0.184313725490196 0.549019607843137
0.424242424242424 0.717647058823529 0.192156862745098 0.541176470588235
0.434343434343434 0.733333333333333 0.203921568627451 0.533333333333333
0.444444444444444 0.741176470588235 0.215686274509804 0.525490196078431
0.454545454545455 0.752941176470588 0.227450980392157 0.513725490196078
0.464646464646465 0.76078431372549 0.23921568627451 0.505882352941176
0.474747474747475 0.772549019607843 0.250980392156863 0.494117647058824
0.484848484848485 0.784313725490196 0.262745098039216 0.482352941176471
0.494949494949495 0.792156862745098 0.270588235294118 0.47843137254902
0.505050505050505 0.8 0.286274509803922 0.466666666666667
0.515151515151515 0.807843137254902 0.294117647058824 0.458823529411765
0.525252525252525 0.819607843137255 0.305882352941176 0.447058823529412
0.535353535353535 0.827450980392157 0.32156862745098 0.443137254901961
0.545454545454546 0.835294117647059 0.329411764705882 0.431372549019608
0.555555555555556 0.847058823529412 0.341176470588235 0.419607843137255
0.565656565656566 0.854901960784314 0.352941176470588 0.415686274509804
0.575757575757576 0.862745098039216 0.364705882352941 0.403921568627451
0.585858585858586 0.870588235294118 0.376470588235294 0.396078431372549
0.595959595959596 0.87843137254902 0.388235294117647 0.388235294117647
0.606060606060606 0.886274509803922 0.396078431372549 0.376470588235294
0.616161616161616 0.894117647058824 0.411764705882353 0.368627450980392
0.626262626262626 0.901960784313726 0.423529411764706 0.36078431372549
0.636363636363636 0.905882352941176 0.435294117647059 0.352941176470588
0.646464646464647 0.913725490196078 0.447058823529412 0.341176470588235
0.656565656565657 0.92156862745098 0.458823529411765 0.337254901960784
0.666666666666667 0.929411764705882 0.474509803921569 0.325490196078431
0.676767676767677 0.937254901960784 0.482352941176471 0.317647058823529
0.686868686868687 0.941176470588235 0.498039215686275 0.309803921568627
0.696969696969697 0.945098039215686 0.509803921568627 0.298039215686275
0.707070707070707 0.952941176470588 0.525490196078431 0.294117647058824
0.717171717171717 0.956862745098039 0.537254901960784 0.282352941176471
0.727272727272727 0.96078431372549 0.549019607843137 0.274509803921569
0.737373737373737 0.968627450980392 0.564705882352941 0.266666666666667
0.747474747474748 0.972549019607843 0.580392156862745 0.254901960784314
0.757575757575758 0.976470588235294 0.592156862745098 0.247058823529412
0.767676767676768 0.980392156862745 0.607843137254902 0.23921568627451
0.777777777777778 0.980392156862745 0.619607843137255 0.231372549019608
0.787878787878788 0.984313725490196 0.635294117647059 0.219607843137255
0.797979797979798 0.988235294117647 0.647058823529412 0.211764705882353
0.808080808080808 0.988235294117647 0.662745098039216 0.203921568627451
0.818181818181818 0.992156862745098 0.67843137254902 0.196078431372549
0.828282828282828 0.992156862745098 0.694117647058824 0.188235294117647
0.838383838383838 0.992156862745098 0.709803921568627 0.180392156862745
0.848484848484849 0.996078431372549 0.725490196078431 0.172549019607843
0.858585858585859 0.996078431372549 0.741176470588235 0.164705882352941
0.868686868686869 0.992156862745098 0.756862745098039 0.16078431372549
0.878787878787879 0.992156862745098 0.772549019607843 0.152941176470588
0.888888888888889 0.992156862745098 0.788235294117647 0.149019607843137
0.898989898989899 0.988235294117647 0.803921568627451 0.145098039215686
0.909090909090909 0.988235294117647 0.823529411764706 0.145098039215686
0.919191919191919 0.984313725490196 0.83921568627451 0.141176470588235
0.929292929292929 0.980392156862745 0.854901960784314 0.141176470588235
0.939393939393939 0.972549019607843 0.870588235294118 0.145098039215686
0.94949494949495 0.968627450980392 0.886274509803922 0.145098039215686
0.95959595959596 0.964705882352941 0.905882352941176 0.149019607843137
0.96969696969697 0.96078431372549 0.925490196078431 0.152941176470588
0.97979797979798 0.952941176470588 0.941176470588235 0.152941176470588
0.98989898989899 0.945098039215686 0.956862745098039 0.149019607843137
1 0.941176470588235 0.976470588235294 0.129411764705882
