[0,0.0431372549019608,0.0156862745098039,0.0196078431372549],
[0.111111111111111,0.156862745098039,0.0980392156862745,0.184313725490196],
[0.222222222222222,0.231372549019608,0.184313725490196,0.368627450980392],
[0.333333333333333,0.250980392156863,0.286274509803922,0.556862745098039],
[0.444444444444444,0.211764705882353,0.415686274509804,0.623529411764706],
[0.555555555555556,0.203921568627451,0.541176470588235,0.650980392156863],
[0.666666666666667,0.219607843137255,0.666666666666667,0.674509803921569],
[0.777777777777778,0.329411764705882,0.788235294117647,0.67843137254902],
[0.888888888888889,0.627450980392157,0.874509803921569,0.725490196078431],
[1,0.870588235294118,0.96078431372549,0.898039215686275]
